1  30   60  175  15 26.2
1  40   60  175  15 26.3
1  30   90  175  15 39.8
1  40   90  175  15 39.7
1  30   60  225  15 38.6
1  40   60  225  15 35.5
1  30   90  225  15 48.8
1  40   90  225  15 37.8
1  30   60  175  25 26.6
1  40   60  175  25 23.4
1  30   90  175  25 38.6
1  40   90  175  25 52.1
1  30   60  225  25 39.5
1  40   60  225  25 32.3
1  30   90  225  25 43.0
1  40   90  225  25 56.0
1  25   75  200  20 35.2
1  45   75  200  20 46.9
1  35   45  200  20 22.7
1  35  105  200  20 58.7
1  35   75  150  20 34.5
1  35   75  250  20 44.0
1  35   75  200  10 35.7
1  35   75  200  30 41.8
1  35   75  200  20 36.5
1  35   75  200  20 37.6
1  35   75  200  20 40.3
1  35   75  200  20 46.0
1  35   75  200  20 27.8
1  35   75  200  20 40.3
