30   60  175  15 26.2
40   60  175  15 26.3
30   90  175  15 39.8
40   90  175  15 39.7
30   60  225  15 38.6
40   60  225  15 35.5
30   90  225  15 48.8
40   90  225  15 37.8
30   60  175  25 26.6
40   60  175  25 23.4
30   90  175  25 38.6
40   90  175  25 52.1
30   60  225  25 39.5
40   60  225  25 32.3
30   90  225  25 43.0
40   90  225  25 56.0
25   75  200  20 35.2
45   75  200  20 46.9
35   45  200  20 22.7
35  105  200  20 58.7
35   75  150  20 34.5
35   75  250  20 44.0
35   75  200  10 35.7
35   75  200  30 41.8
35   75  200  20 36.5
35   75  200  20 37.6
35   75  200  20 40.3
35   75  200  20 46.0
35   75  200  20 27.8
35   75  200  20 40.3
