2.327588
-0.035437
-10.703323
10.251395
3.145514
17.169419
-8.028720
0.042478
6.977399
-3.884836
-10.332821
-3.843442
-7.450305
6.925505
-3.118308
-2.521846
-5.157204
-4.609776
-4.870627
-1.334861
-8.816260
10.950613
2.636712
-11.844635
-12.673140
-0.271222
-2.349003
-7.838268
-9.068016
1.117402
3.673376
3.059726
-5.090630
4.432271
3.850435
-5.899866
-0.878646
-10.588257
10.577484
-1.070483
-3.486491
-4.105058
0.062641
11.341351
6.204299
-4.339246
-1.884591
3.710333
-3.129790
-0.644318
-1.541730
-2.840708
7.846648
-4.593941
1.908311
-0.948073
-2.568506
6.831213
9.262592
6.163685
7.993275
-3.439996
-7.951767
3.453280
-4.982922
-5.531219
3.211840
-10.629481
-8.614295
-2.909288
3.769444
-13.808866
-16.744251
0.493655
4.304862
-0.949832
-0.145729
-2.769201
3.514782
2.452800
-1.639276
1.935431
-7.189876
16.660456
-13.064287
11.210534
1.845768
9.837788
-1.932891
-5.442222
-14.675901
-8.994904
-10.977742
3.970302
8.852087
1.058594
3.394386
-6.380927
2.338471
0.131451
-14.843969
5.902184
-1.849132
2.513690
-3.725765
-3.443065
-4.753881
-20.766672
-15.854684
7.952949
18.057053
-6.182219
5.160358
-7.026039
2.121699
2.809007
-5.790397
9.035130
-6.006916
-0.204221
9.329766
-1.227130
-7.566491
-12.387400
-8.331380
6.793297
4.682737
-7.038235
6.386397
4.379702
8.234170
-11.318370
10.298289
-8.277891
-2.531602
1.388332
16.026150
-3.081560
0.888956
11.208999
11.960958
-3.966388
-4.626337
-0.434640
-8.576623
0.427598
-0.427750
-3.732952
-5.271765
-9.247624
11.050097
-1.791492
3.335805
-1.296716
-8.179613
-0.678590
-0.975157
-4.516653
0.008081
-2.819778
2.783747
1.523457
2.462498
-0.714108
1.380470
-7.526879
-2.638608
10.852722
9.300160
-2.472838
2.679156
2.805304
4.270871
-0.751344
3.497971
0.063874
3.143111
5.103007
-10.988898
12.853809
5.204055
0.164968
-6.299914
12.305071
10.428054
-6.756203
-6.099544
-3.863834
-11.759317
5.174908
9.345157
-2.990272
-0.735862
4.971600
16.481558
-19.560339
12.774340
-9.043404
7.301849
-0.266573
11.861692
15.775497
6.314645
25.729569
32.093352
-13.925959
-22.633819
3.248392
0.279906
-2.976166
-0.813227
-0.452683
-11.716898
-0.743466
1.018223
0.804767
-13.437873
-3.529315
5.186322
-10.309300
-12.298617
4.195948
13.439988
2.748152
7.486241
-2.492322
3.897114
-6.389043
-3.019687
-1.733841
-9.052898
-4.872095
-6.405720
-6.134944
2.511670
-12.570205
-14.709832
8.849302
15.936903
-4.975674
-0.727237
-4.663376
14.031719
-21.338740
0.127289
-3.209951
3.400085
-17.913476
-3.325868
8.393051
6.995114
5.674304
16.531077
-6.183492
-9.924305
-0.040964
