3.352481
13.440175
-12.550056
-0.305368
41.753290
2.002891
-28.620724
-9.009432
-16.452173
1.308745
-2.641718
5.568011
-16.365851
-15.677444
7.695436
1.590484
-35.729729
19.938749
-10.179189
34.760836
-0.383367
-29.643104
2.441950
-0.573959
22.829986
-2.049815
5.232840
-28.304331
31.544982
17.999227
-22.353489
-10.175095
28.158292
-21.106150
16.932324
-19.059745
-21.059376
24.622325
5.557759
18.956071
15.849207
-4.672106
7.648845
-3.629092
16.350648
16.019293
-14.868586
10.535286
2.979852
13.190927
-7.758557
-10.410727
19.795082
4.335112
-14.847244
-12.596209
10.125085
0.876405
-3.534007
-13.703325
15.809816
8.812187
-11.911318
-2.193196
