1.00000   0.34872   0.08949   
1.00000   0.43821   0.88989   
1.00000   1.32810   -0.62267   
1.00000   0.70544   -1.15300   
1.00000   -0.44756   -0.31578   
1.00000   -0.76334   0.64884   
1.00000   -0.11450   -1.82441   
1.00000   -1.93891   -0.76215   
1.00000   -2.70106   2.38234   
1.00000   -0.31872   -0.25271   
1.00000   -0.57143   1.71284   
1.00000   1.14140   1.54134   
1.00000   2.68274   -0.44060   
1.00000   2.24214   1.07746   
1.00000   3.31960   1.72184   
1.00000   5.04144   0.04651   
1.00000   5.08795   0.68223   
1.00000   5.77018   -0.14997   
1.00000   5.62021   1.70162   
1.00000   7.32183   0.01884   
1.00000   7.34067   0.20297   
1.00000   7.54364   -0.01267   
1.00000   7.53097   0.69601   
1.00000   8.22698   0.49067   
1.00000   8.71765   -0.35403   
1.00000   8.36363   0.02005   
1.00000   8.38367   1.30458   
1.00000   9.68826   0.16411   
1.00000   9.85237   1.57496   
1.00000   11.42733   1.07287   
1.00000   12.50019   0.24919   
1.00000   12.74939   -0.48752   
1.00000   12.26186   -0.87799   
1.00000   11.38387   0.44728   
1.00000   11.83115   0.14279   
1.00000   11.97394   -1.04269   
1.00000   10.93125   2.49128   
1.00000   13.42253   -0.61237   
1.00000   12.81016   0.52680   
1.00000   13.33696   0.54679   
1.00000   13.88375   0.27719   
1.00000   14.16094   -0.50345   
1.00000   13.65749   -1.13542   
1.00000   12.52207   1.19170   
1.00000   13.71377   1.73630   
1.00000   15.45007   0.06993   
1.00000   15.52000   0.12755   
1.00000   15.64755   -2.00566   
1.00000   13.64189   -0.24842   
1.00000   13.39348   -0.82285   
1.00000   12.57062   1.53759   
1.00000   14.10821   -1.16230   
1.00000   12.94591   1.64820   
1.00000   14.59412   0.26559   
1.00000   14.85970   -0.78951   
1.00000   14.07019   -0.47479   
1.00000   13.59540   0.28900   
1.00000   13.88440   0.91686   
1.00000   14.80126   -0.86374   
1.00000   13.93752   0.76925   
1.00000   14.70676   -1.33809   
1.00000   13.36867   -0.60427   
1.00000   12.76440   -1.14788   
1.00000   11.61652   0.67165   
1.00000   12.28818   0.51720   
1.00000   12.80538   -1.21260   
1.00000   11.59277   -2.19383   
1.00000   9.39895   1.70201   
1.00000   11.10096   1.51053   
1.00000   12.61148   0.72325   
1.00000   13.33473   0.48282   
1.00000   13.81755   0.89618   
1.00000   14.71372   2.49891   
1.00000   17.21263   0.30312   
1.00000   17.51576   -0.46557   
1.00000   17.05019   -0.54236   
1.00000   16.50783   -0.17687   
1.00000   16.33096   1.73727   
1.00000   18.06823   -1.14018   
1.00000   16.92805   0.40828   
1.00000   17.33633   -0.26953   
1.00000   17.06680   0.77114   
1.00000   17.83793   1.67136   
1.00000   19.50929   0.21025   
1.00000   19.71954   1.16972   
1.00000   20.88927   0.79418   
1.00000   21.68344   -0.80526   
1.00000   20.87818   0.89020   
1.00000   21.76839   0.32385   
1.00000   22.09224   -0.53541   
1.00000   21.55683   -0.12955   
1.00000   21.42728   1.77411   
1.00000   23.20138   2.22788   
1.00000   25.42926   0.90094   
1.00000   26.33020   0.62921   
1.00000   26.95941   -1.38774   
1.00000   25.57167   -0.53854   
1.00000   25.03312   -1.74344   
1.00000   23.28968   0.95523   
